341
1 20 116.71              
2 1 119.78 3 84.25            
2 4 113.49 22 104.02            
1 23 93.93              
4 4 107.65 6 130.36 23 145.12 38 213.94        
1 39 225.39              
3 6 97.46 8 100.88 40 215.36          
1 9 108.04              
3 8 108.04 25 135.13 42 206.77          
2 9 91.92 25 86.19            
3 10 111.28 12 209.42 44 218.4          
3 11 209.42 13 99.44 26 112.68          
3 12 99.44 14 97.73 27 104.16          
3 13 97.73 15 125.89 28 66.95          
1 14 125.89              
4 15 86.41 17 117.73 30 169.25 50 238.7        
3 16 117.73 18 98.32 30 112.27          
5 17 98.32 19 205.23 30 156.5 31 116.85 32 151.52      
2 18 205.23 33 113.32            
2 1 116.71 34 97.19            
3 2 97.29 20 105.47 35 127.5          
2 3 104.02 21 104.53            
3 4 93.93 5 145.12 36 151.97          
5 7 163.3 8 94.63 9 142.71 40 145.8 42 158.36      
1 43 127.81              
1 46 95.32              
5 14 136.47 26 103.79 28 102.85 46 129.53 47 79.16      
2 27 102.85 48 126.48            
3 15 111.13 16 168.01 48 140.72          
5 16 169.25 17 112.27 50 147.37 51 89.63 52 139.85      
3 18 116.85 32 113.37 52 97.8          
1 33 110.24              
2 32 110.24 53 113.38            
4 20 97.19 35 104.58 54 114.04 55 152.99        
1 36 106.33              
4 22 113.46 37 96.01 56 103.17 57 130.79        
3 23 88.6 36 96.01 57 106.13          
3 37 138.54 39 88.39 76 188.48          
3 38 88.39 40 106.87 77 194.4          
3 24 145.8 41 113.99 78 221.11          
3 24 105.14 40 113.99 42 106.18          
3 9 206.77 24 158.36 43 100.32          
2 25 127.81 44 114.66            
7 11 218.4 25 164.85 43 114.66 45 109.88 60 136.24 61 99.98 62 143.25  
3 44 109.88 46 97.3 62 110.25          
5 27 129.53 45 97.3 47 97.85 63 106.02 64 152.12      
1 27 79.16              
3 47 116.02 49 108.05 66 136.52          
3 29 108.12 48 108.05 50 93.01          
5 16 238.7 30 147.37 51 112.84 66 131.44 67 118.12      
2 50 112.84 52 111.19            
4 30 139.85 51 111.19 53 216.75 69 109.15        
4 32 164.23 33 113.38 70 160.55 71 90.41        
2 34 114.04 55 98.97            
6 34 152.99 35 100.12 36 148.42 56 128.78 72 151.06 74 138.6    
2 36 103.17 74 97.49            
2 36 130.79 76 155.18            
4 41 95.96 42 138.38 78 165.95 79 98.76        
3 42 104.12 60 99.06 80 95.01          
4 44 136.24 59 99.06 61 106.47 80 150.84        
1 82 105.74              
4 45 110.25 46 153.5 82 145.95 83 112.22        
3 46 106.02 64 106.05 84 112.53          
3 46 152.12 47 103.04 63 106.05          
3 48 110 64 109.37 66 108.11          
4 48 136.52 49 98.29 50 131.44 86 151.01        
2 66 111.7 68 106.26            
3 50 144.96 67 106.26 69 104.48          
2 68 104.48 89 101            
2 53 160.55 69 91.05            
3 53 90.41 70 115.92 91 120.43          
4 54 91.41 73 130.81 92 110.69 93 164.83        
3 55 100.42 72 130.81 93 120.9          
6 55 138.6 56 97.49 73 83.1 93 158.26 94 119.9 95 160.55    
4 57 105.31 74 118.77 76 97.03 95 117.27        
5 38 188.48 75 97.03 95 154.96 96 113.03 97 152.5      
3 39 194.4 76 109.17 78 112.71          
5 40 221.11 79 116.06 97 152.07 98 132.69 112 186.43      
4 58 98.76 78 116.06 80 119.54 98 114.66        
4 79 119.54 81 104.48 98 158.22 114 197.05        
3 80 104.48 82 97.39 115 224.45          
5 61 105.74 62 145.95 81 97.39 83 95.84 116 194.06      
3 62 112.22 82 95.84 84 109.74          
3 62 141.14 85 87.05 117 245.22          
3 64 102.04 84 87.05 86 133.22          
5 64 179.49 65 123.42 99 94.88 100 147.39 117 303.69      
3 66 120.25 86 85.08 100 109.5          
7 66 158.68 67 78.06 87 131.05 89 202.71 100 168.94 101 127.28 102 154.75  
8 68 161.31 69 101 70 132.14 88 202.71 90 118.05 102 150.66 103 113.43 104 152.42
2 89 118.05 104 100.98            
2 71 120.43 90 96.67            
3 72 110.69 93 107.9 106 96.81          
6 74 158.26 92 107.9 94 107.72 106 124.02 107 88.72 108 140.11    
2 93 107.72 95 103.24            
7 74 160.55 75 117.27 94 103.24 96 90.99 108 146.42 109 113.12 110 132.24  
2 95 90.99 110 96.67            
6 76 152.5 77 113.32 78 152.07 110 135.04 111 85.61 112 137    
4 78 132.69 79 114.66 80 158.22 112 148.33        
2 100 95.03 119 95.34            
4 88 168.94 101 87.87 119 140.59 121 129.96        
2 100 87.87 121 86.95            
3 88 154.75 89 150.66 122 149.16          
2 89 113.43 122 98.1            
7 89 152.42 90 100.98 91 147.28 103 93.06 122 137.7 123 107.18 124 144.31  
3 91 89.91 104 110.29 124 96.99          
2 125 160.6 137 218.8            
3 106 86.02 108 114.78 125 113.89          
6 93 140.11 94 110.09 109 113.97 125 153.38 139 218.67 141 307.31    
2 108 113.97 110 111.76            
3 95 132.24 96 96.67 111 103.01          
3 97 85.61 110 103.01 112 115.87          
4 98 148.33 113 97.01 126 105.14 127 163.5        
3 98 100 112 97.01 127 129.69          
5 80 197.05 98 147.4 113 115.92 115 93.04 128 108.05      
2 81 224.45 116 115.87            
1 115 115.87              
5 84 245.22 86 303.69 116 211.95 118 110.25 129 72.6      
1 117 110.25              
4 100 140.59 118 101.99 130 153.61 131 102.51        
3 100 99.61 119 105.69 121 110.73          
5 100 129.96 101 86.95 102 134.42 120 110.73 134 141.36      
6 103 98.1 104 137.7 121 211.99 123 109.61 134 140.91 135 102.62    
4 104 107.18 122 109.61 124 103.59 136 85.06        
4 104 144.31 105 96.99 123 103.59 136 145.85        
4 106 160.6 108 153.38 137 150.6 139 158.8        
2 127 99.54 143 106.08            
2 126 99.54 145 154.44            
3 114 108.05 127 116.44 145 141.04          
3 117 72.6 130 102.83 147 109.08          
4 118 111.31 119 153.61 131 116.73 148 95.61        
4 119 102.51 130 116.73 132 99.5 149 109.77        
4 119 158.16 120 105.78 150 102.11 151 145.66        
4 121 115.54 132 95.81 134 95.43 151 103.26        
5 121 141.36 122 140.91 133 95.43 135 111.32 153 162.57      
1 153 108.13              
3 122 134.98 123 85.06 154 127.57          
3 106 218.8 138 116.88 156 109.42          
3 125 115.58 137 116.88 157 79.71          
4 108 218.67 125 158.8 138 118.65 159 139.51        
2 139 101.54 141 112.02            
4 110 216.6 142 94.1 160 155.46 175 236.54        
1 160 106.26              
4 126 106.08 142 106.32 144 102.18 178 294.78        
3 127 86.64 143 102.18 145 101.64          
2 144 101.64 146 204.45            
3 116 210.37 145 204.45 163 121.98          
6 129 109.08 130 147.13 146 199.01 148 99.07 180 295.83 182 206.06    
3 130 95.61 147 99.07 149 110.17          
4 131 109.77 148 110.17 150 117.02 165 114.56        
4 132 102.11 149 117.02 151 107.08 166 101.99        
5 132 145.66 133 103.26 134 152.98 150 107.08 152 93.09      
3 151 93.09 153 107.65 168 106.68          
6 134 162.57 136 139.45 154 102.45 168 176.54 169 116.75 170 143.39    
3 136 127.57 155 123.49 170 71.74          
3 124 214.11 136 166.19 154 123.49          
1 157 112.35              
6 138 79.71 139 127.61 156 112.35 158 108.23 171 169.33 172 113.44    
3 139 113.42 157 108.23 173 91.79          
4 139 139.51 140 94.95 174 97.7 175 166.2        
5 141 155.46 142 106.26 143 152.44 176 92.84 177 145.7      
2 145 77.06 178 103.01            
3 145 129.04 161 102.05 163 111.71          
3 146 121.98 162 111.71 180 79.61          
4 147 149.02 148 95.99 183 117.02 184 142.94        
2 149 114.56 166 108            
3 150 101.99 165 108 185 102.96          
3 151 105.21 166 108.37 186 101.39          
7 151 142.07 153 176.54 167 95.93 169 110.52 186 125.7 187 92.34 188 155.56  
1 168 110.52              
3 153 143.39 154 71.74 190 162.16          
5 156 121.7 157 169.33 172 111.82 191 130.11 197 208.09      
2 157 113.44 173 102.21            
2 172 102.21 191 140.82            
4 159 97.7 173 103.98 175 126.25 192 127.72        
7 141 236.54 159 166.2 160 148.38 174 126.25 176 89.58 192 170.91 193 129.67  
3 160 92.84 177 102.59 193 102.9          
5 143 211.01 160 145.7 176 102.59 178 209.11 193 139.43      
4 143 294.78 177 209.11 179 117.29 195 105.38        
2 178 117.29 204 204.18            
5 147 295.83 162 132.32 163 79.61 179 101.47 205 218.35      
2 180 125.92 182 95.96            
4 147 206.06 181 95.96 183 100.99 207 222.87        
2 182 100.99 208 199.91            
4 164 142.94 165 90.09 183 97.81 185 111.85        
2 184 111.85 186 102.01            
6 167 101.39 168 125.7 185 102.01 187 101.05 196 136.56 210 200.29    
3 168 92.34 186 101.05 188 100.72          
4 169 110.32 189 108.15 212 211.21 214 277.42        
1 170 122.96              
4 155 219.79 170 162.16 189 105.08 214 187.34        
3 171 130.11 173 140.82 198 172.7          
5 173 137.27 174 127.72 198 131.61 199 119.11 200 165.66      
6 175 129.67 176 102.9 177 139.43 200 154.47 201 119.61 202 130.7    
2 177 86.33 202 97.33            
3 178 105.38 194 214.01 203 117.15          
3 184 161.17 186 136.56 210 135.48          
5 171 208.09 191 164.63 198 203.12 230 171 232 288.02      
5 173 214.92 191 172.7 197 203.12 199 90.8 215 90.05      
3 192 119.11 198 90.8 200 118.4          
6 175 202.06 192 165.66 199 118.4 201 98.97 216 140.02 217 92.09    
3 193 119.61 200 98.97 202 115.01          
1 203 235.19              
4 195 117.15 204 80.66 218 117.52 219 137.01        
3 179 204.18 203 80.66 205 100.15          
2 180 218.35 206 118.98            
4 181 211.9 205 118.98 207 121.08 221 105.01        
5 182 222.87 206 121.08 208 102.74 221 156.33 223 135.18      
3 183 199.91 207 102.74 209 104.63          
4 184 231.29 196 148.64 210 193.15 224 120.77        
5 186 200.29 196 135.48 209 193.15 211 112.73 226 171.75      
1 226 96.67              
4 211 115.8 213 108 226 145.69 227 106.94        
2 214 95.99 228 110.16            
2 213 95.99 229 144.31            
2 216 117.73 232 99.28            
5 198 146.4 200 140.02 215 117.73 217 94.87 233 141.65      
2 216 94.87 233 121.12            
1 219 115.92              
3 203 137.01 220 111.57 238 138.67          
3 205 104.24 219 111.57 238 119.05          
2 207 156.33 239 106.49            
2 207 95.52 223 104.24            
3 207 135.18 224 109.12 242 152.39          
3 223 109.12 225 204.88 242 83.7          
2 210 121.68 224 204.88            
4 210 171.75 212 145.69 243 156.45 244 110        
1 245 108              
4 212 148.16 227 105.05 229 107.21 246 89.35        
3 214 144.31 228 107.21 247 99.45          
2 231 116.72 248 114.4            
3 230 116.72 232 115.08 249 96.13          
7 197 288.02 215 99.28 216 152.48 231 115.08 233 203.69 249 167.63 250 115.62  
2 216 141.65 234 118.43            
3 233 118.43 235 105.49 251 123.12          
3 202 233.19 251 134.98 263 187.68          
3 218 91.18 235 209.21 265 211.79          
3 236 110.73 238 112.21 266 205.87          
5 219 138.67 220 119.05 221 134.04 237 112.21 252 101.4      
3 221 106.49 238 111.99 240 85.7          
4 222 124.74 239 85.7 241 120.06 253 119        
3 240 120.06 242 114.97 270 218.17          
3 224 83.7 241 114.97 271 195.83          
6 225 126.06 242 192.37 244 108.75 255 131.53 256 152.73 273 192.91    
4 226 110 243 108.75 245 108.44 256 103.9        
5 226 150.88 244 108.44 246 96.84 256 139 275 196.56      
1 228 89.35              
4 228 163.41 229 99.45 246 114.34 276 201.23        
3 230 114.4 249 99.2 257 120.93          
5 230 152.74 248 99.2 250 119.53 257 165.4 259 166.22      
3 232 115.62 249 119.53 259 107          
3 234 123.12 235 134.98 261 147.24          
3 238 101.4 253 112.32 267 125.28          
3 240 119 254 113.3 267 172.11          
3 240 108.84 253 113.3 269 70.03          
3 242 143.76 271 143.49 273 149.35          
2 273 153.66 275 148.61            
3 248 120.93 258 115.93 277 92.37          
3 249 128.13 257 115.93 259 107.06          
4 249 166.22 260 103.09 278 133.49 280 144.68        
3 259 103.09 261 112.28 280 91.26          
5 233 205.01 251 147.24 260 112.28 280 147.92 281 132.78      
3 251 106.39 261 96.91 263 111.7          
4 262 111.7 264 111.13 281 142.21 283 152.77        
1 265 76.33              
5 235 286.14 264 76.33 266 122.51 284 102.64 285 148.12      
4 237 205.87 265 122.51 267 103.99 285 110        
4 252 125.28 253 172.11 266 103.99 268 98.9        
2 267 98.9 269 122.95            
3 254 70.03 287 124.13 288 155.43          
3 241 218.17 269 94.06 271 113.42          
6 242 195.83 255 143.49 270 113.42 272 101.04 288 173.33 289 116.75    
3 271 101.04 273 107.54 290 129.38          
6 243 192.91 256 153.66 272 107.54 290 151.7 291 125.42 311 285.47    
3 256 108.19 273 107.93 275 106.8          
3 256 148.61 274 106.8 276 206.01          
3 247 201.23 275 206.01 293 118.17          
2 278 95.9 294 94.34            
5 257 144.69 259 133.49 277 95.9 279 111.3 294 148.48      
2 259 85.34 296 128.33            
4 260 91.26 261 147.92 297 99.57 298 152.21        
2 298 156.03 300 163.73            
3 263 90.79 283 100.85 300 130          
5 263 152.77 264 92.08 282 100.85 284 102.02 302 131.91      
3 265 102.64 285 107.11 302 83.75          
5 265 148.12 266 110 284 107.11 303 117.78 304 170.9      
3 267 99.01 285 107.25 304 110.76          
2 288 97.39 306 98.98            
5 269 155.43 271 173.33 289 108.86 306 137.45 308 140.24      
4 271 116.75 288 108.86 290 114.14 308 109.24        
4 272 129.38 289 114.14 291 99.79 309 83.02        
2 273 125.42 310 106.09            
2 275 108.99 293 204.67            
3 276 118.17 292 204.67 312 89          
5 277 94.34 278 148.48 295 116.66 313 112.35 314 169.93      
2 294 116.66 314 125.73            
4 278 151.99 280 162.68 295 96.05 297 120        
3 280 99.57 296 120 298 106.29          
5 261 205.15 280 152.21 297 106.29 299 111.47 316 159.55      
2 300 114.35 332 218.26            
4 281 163.73 282 130 301 91.49 318 83.7        
3 283 97.08 300 91.49 302 110.33          
4 283 131.91 284 83.75 303 112.31 319 106.36        
2 285 117.78 304 119.13            
5 285 170.9 286 110.76 303 119.13 305 90.97 320 83.85      
3 268 184.24 304 90.97 306 104.64          
6 287 98.98 288 137.45 305 104.64 307 109.05 321 173.49 322 118.67    
1 323 93.62              
7 288 140.24 290 150.45 307 109.66 309 103.42 323 144.95 324 97.09 325 149.6  
1 310 115.39              
3 291 106.09 311 209.15 326 80.83          
6 273 285.47 292 99.78 310 209.15 312 216.27 327 147.31 340 237.27    
2 311 216.27 341 215.44            
3 294 112.35 314 110.22 328 96.97          
4 294 169.93 295 125.73 315 101.97 330 160.22        
3 296 112.74 314 101.97 330 96.94          
3 298 159.55 315 95.88 317 119.71          
3 298 97.31 316 119.71 331 109          
2 319 227.72 333 127.14            
1 320 201.87              
3 304 83.85 321 99.69 335 92.58          
3 306 173.49 322 126.48 335 131.73          
3 306 118.67 321 126.48 336 80.96          
3 307 93.62 308 144.95 337 83.72          
3 308 97.09 325 107.12 338 121.14          
5 310 128.27 324 107.12 326 112.22 338 168.42 339 147.35      
2 325 112.22 339 94.97            
2 311 147.31 312 139.2            
2 313 96.97 329 95.34            
1 314 79.11              
5 314 160.22 315 96.94 316 125.88 329 129.3 331 190.91      
3 317 109 330 190.91 332 111.3          
2 299 218.26 331 111.3            
3 318 127.14 332 104.21 334 199.03          
3 319 127.7 333 199.03 335 193.31          
2 320 92.58 321 131.73            
3 323 146.58 335 216.32 337 101          
3 323 83.72 336 101 338 101.32          
3 324 121.14 337 101.32 339 224.46          
3 325 147.35 326 94.97 340 228.65          
3 327 163.64 339 228.65 341 218.33          
3 312 215.44 327 175.8 340 218.33          